1 1 1 - 0-0-0 0 1 1
2 1 1 - 0-0-0 0 1 2
3 1 0 110101199003076234 2026-4-21 0 2 1
4 1 1 - 0-0-0 0 2 2
5 1 1 - 0-0-0 1 3 1
6 1 1 - 0-0-0 1 4 1
7 1 1 - 0-0-0 1 5 1
8 1 1 - 0-0-0 1 6 1
9 2 1 - 0-0-0 0 1 1
10 2 1 - 0-0-0 0 1 2
11 2 1 - 0-0-0 0 2 1
12 2 1 - 0-0-0 0 2 2
13 2 0 410105200411282943 2026-4-19 1 3 1
14 2 0 130104199902173415 2026-4-19 1 4 1
15 2 1 - 0-0-0 1 5 1
16 2 1 - 0-0-0 1 6 1
17 3 1 - 0-0-0 0 1 1
18 3 1 - 0-0-0 0 1 2
19 3 1 - 0-0-0 0 2 1
20 3 1 - 0-0-0 0 2 2
21 3 0 11010820050619012x 2026-4-19 1 3 1
22 3 0 440306200303158943 2026-4-19 1 4 1
23 3 1 - 0-0-0 1 5 1
24 3 1 - 0-0-0 1 6 1
25 4 1 - 0-0-0 0 1 1
26 4 1 - 0-0-0 0 1 2
27 4 1 - 0-0-0 0 2 1
28 4 1 - 0-0-0 0 2 2
29 4 0 510108200212062453 2026-4-19 1 3 1
30 4 1 - 0-0-0 1 4 1
31 4 1 - 0-0-0 1 5 1
32 4 1 - 0-0-0 1 6 1
33 5 1 - 0-0-0 0 1 1
34 5 0 110105199807236541 2026-4-19 0 1 2
35 5 1 - 0-0-0 0 2 1
36 5 1 - 0-0-0 0 2 2
37 5 0 130108200708015133 2026-4-19 1 3 1
38 5 1 - 0-0-0 1 4 1
39 5 1 - 0-0-0 1 5 1
40 5 1 - 0-0-0 1 6 1
41 0 1 - 0-0-0 2 1 1
42 0 1 - 0-0-0 2 2 1
43 0 1 - 0-0-0 2 3 1
44 0 1 - 0-0-0 2 4 1
45 0 1 - 0-0-0 2 5 1
