1 123456789987654321 892888591442034300 КєЮќгааЉРЇФб@ 1 0 0 0 0 1 0 0 0 0 1 2026-4-19 2026-4-20 2026-4-20
2 888999888999888998 892888591442034300 -@ 0 0 0 0 0 0 0 0 0 0 0 2026-4-19 0-0-0 0-0-0
3 110101199003076234 892888591442034300 аФдржрбљгВЛЏ@ 1 0 0 0 0 1 0 0 0 0 2 2026-4-19 2026-4-19 0-0-0
4 32010519850712451x 892888591442034300 ЩЯКєЮќЕРИаШО@ 1 0 0 0 0 1 0 0 0 0 0 2026-4-19 0-0-0 0-0-0
5 440301200112018367 892888591442034300 Т§адЮИбз@ 2 0 0 0 0 1 0 0 0 0 0 2026-4-19 0-0-0 0-0-0
6 510107199511220948 892888591442034300 ЙІФмадЯћЛЏВЛСМ@ 4 0 0 0 0 1 0 0 0 0 0 2026-4-19 0-0-0 0-0-0
7 330106200305167825 892888591442034300 ИпбЊбЙ@ 6 0 0 0 0 1 0 0 0 0 5 2026-4-19 2026-4-19 0-0-0
8 120112199808251336 892888591442034300 аФТЩЪЇГЃ@ 6 0 0 0 0 1 0 0 0 0 0 2026-4-19 0-0-0 0-0-0
9 42010620021011476x 41394333494337012X МБадРЛЮВбз@ 0 0 0 0 0 0 0 0 0 0 0 2026-4-19 0-0-0 0-0-0
10 350203199607093582 41394333494337012X МзЙЕбз@ 7 8 0 0 0 1 1 0 0 0 0 2026-4-19 0-0-0 0-0-0
11 410105200411282943 41394333494337012X ЙЧел@ 0 0 0 0 0 0 0 0 0 0 13 2026-4-19 2026-4-19 0-0-0
12 130104199902173415 41394333494337012X ЩеЩЫ@ 8 12 0 0 0 1 1 0 0 0 14 2026-4-19 2026-4-19 0-0-0
13 44030419940314377x 41394333494337012X ХЄЩЫ@ 9 0 0 0 0 1 0 0 0 0 0 2026-4-19 0-0-0 0-0-0
14 310115200008215692 41394333494337012X ШэзщжЏДьЩЫ@ 0 0 0 0 0 0 0 0 0 0 0 2026-4-19 0-0-0 0-0-0
15 500112199701122480 683088284275019203 ЭДО­@ 13 0 0 0 0 1 0 0 0 0 0 2026-4-19 0-0-0 0-0-0
16 120114200103145781 683088284275019203 вѕЕРбз@ 18 0 0 0 0 1 0 0 0 0 0 2026-4-19 0-0-0 0-0-0
17 440311199812274561 683088284275019203 ЙЌОБбз@ 15 0 0 0 0 1 0 0 0 0 0 2026-4-19 0-0-0 0-0-0
18 11010820050619012x 683088284275019203 згЙЌМЁСі@ 0 0 0 0 0 0 0 0 0 0 21 2026-4-19 2026-4-19 0-0-0
19 320113200110252370 683088284275019203 ТбГВФвжз@ 17 0 0 0 0 1 0 0 0 0 0 2026-4-19 0-0-0 0-0-0
20 440306200303158943 683088284275019203 згЙЌЭбДЙ@ 0 0 0 0 0 0 0 0 0 0 22 2026-4-19 2026-4-19 0-0-0
21 440305200209301345 632567639253091926 МБадЩЯКєЮќЕРИаШО@ 19 0 0 0 0 1 0 0 0 0 0 2026-4-19 0-0-0 0-0-0
22 33010519951006329x 632567639253091926 аЁЖљИЙаКВЁ@ 23 0 0 0 0 1 0 0 0 0 0 2026-4-19 0-0-0 0-0-0
23 350212200407113473 632567639253091926 ЮЌЩњЫиDШБЗІадиўйЭВЁ@ 20 0 0 0 0 1 0 0 0 0 0 2026-4-19 0-0-0 0-0-0
24 410204200011063583 632567639253091926 Й§УєадБЧбз@ 0 0 0 0 0 0 0 0 0 0 0 2026-4-19 0-0-0 0-0-0
25 510108200212062453 632567639253091926 ЪжзуПкВЁ@ 0 0 0 0 0 0 0 0 0 0 29 2026-4-19 2026-4-19 0-0-0
26 310109200407193567 632567639253091926 МБаджаЖњбз@ 0 0 0 0 0 0 0 0 0 0 0 2026-4-19 0-0-0 0-0-0
27 12011020050914467x 366201197082157275 ОБзЕВЁ@ 25 0 0 0 0 1 0 0 0 0 0 2026-4-19 0-0-0 0-0-0
28 350206200602287891 366201197082157275 бќзЕМфХЬЭЛГіжЂ@ 0 0 0 0 0 0 0 0 0 0 0 2026-4-19 0-0-0 0-0-0
29 130108200708015133 366201197082157275 ЙЧел@ 0 0 0 0 0 0 0 0 0 0 37 2026-4-19 2026-4-19 0-0-0
30 440312200809303228 366201197082157275 ЙЧжЪЪшЫЩжЂ@ 25 0 0 0 0 2 0 0 0 0 0 2026-4-19 0-0-0 0-0-0
31 210112200910112342 366201197082157275 ыьЧЪбз@ 29 0 0 0 0 1 0 0 0 0 0 2026-4-19 0-0-0 0-0-0
32 110105199807236541 366201197082157275 ШЭДјЫ№ЩЫ@ 0 0 0 0 0 0 0 0 0 0 34 2026-4-19 2026-4-19 0-0-0
33 123456789987654321 892888591442034300 гаЫљКУзЊ@ 1 0 0 0 0 1 0 0 0 0 0 2026-4-20 0-0-0 0-0-0
34 888999888999888998 892888591442034300 жЇЦјЙмбз@ 0 0 0 0 0 0 0 0 0 0 1 2026-4-20 2026-4-20 0-0-0
35 123456789987654321 892888591442034300 ЗЮВПИаШО@ 0 0 0 0 0 0 0 0 0 0 0 2026-4-20 0-0-0 0-0-0
36 123456789987654321 892888591442034300 Й§Ує@ 0 0 0 0 0 0 0 0 0 0 0 2026-4-20 0-0-0 0-0-0
37 123456789987654321 892888591442034300 ЗЂЩе39ЖШ@ 0 0 0 0 0 0 0 0 0 0 3 2026-4-20 2026-4-20 2026-4-20
38 123456789987654321 892888591442034300 ИаУА@ 0 0 0 0 0 0 0 0 0 0 0 2026-4-20 0-0-0 0-0-0
39 123456789987654321 892888591442034300 ЪЇУп@ 1 0 0 0 0 1 0 0 0 0 0 2026-4-20 0-0-0 0-0-0
40 123456789987654321 892888591442034300 ЙкаФВЁ@ 0 0 0 0 0 0 0 0 0 0 0 2026-4-20 0-0-0 0-0-0
41 123456789987654321 892888591442034300 ИаУА@ 1 0 0 0 0 1 0 0 0 0 1 2026-4-21 2026-4-21 0-0-0
42 110101199003076234 892888591442034300 ИаУА@ 2 0 0 0 0 1 0 0 0 0 0 2026-4-21 0-0-0 0-0-0
43 110101199003076234 892888591442034300 ЗЂЩе@ 1 0 0 0 0 1 0 0 0 0 3 2026-4-21 2026-4-21 0-0-0
