1 1 892888591442034300
1 2 892888591442034300
1 3 914921124947056286
1 4 914921124947056286
1 5 892888591442034300
1 6 914921124947056286
1 7 688906706204339915
2 1 304344796506286306
2 2 41394333494337012X
2 3 679139648169384426
2 4 88201047625771770X
2 5 88201047625771770X
2 6 342365216016348015
2 7 927996298977570703
3 1 663496801093625837
3 2 683088284275019203
3 3 663496801093625837
3 4 051229476233250296
3 5 333747399975725979
3 6 05880635138993972X
3 7 333747399975725979
4 1 90440612688071456X
4 2 632567639253091926
4 3 120596071268702414
4 4 717328531524649246
4 5 717328531524649246
4 6 120596071268702414
4 7 632567639253091926
5 1 117891217982720009
5 2 366201197082157275
5 3 366201197082157275
5 4 866948847270839112
5 5 366201197082157275
5 6 866948847270839112
5 7 498826262188051210
