1 123456789987654321 1 892888591442034300 1 50.0 0 2026-4-19 2026-4-20
2 888999888999888998 1 892888591442034300 1 50.0 0 2026-4-19 2026-4-20
3 110101199003076234 1 892888591442034300 2 50.0 0 2026-4-19 2026-4-21
4 32010519850712451x 1 892888591442034300 2 50.0 0 2026-4-19 2026-4-21
5 440301200112018367 1 892888591442034300 2 50.0 0 2026-4-19 2026-4-21
6 510107199511220948 1 892888591442034300 2 50.0 0 2026-4-19 2026-4-21
7 330106200305167825 1 892888591442034300 2 50.0 0 2026-4-19 2026-4-21
8 120112199808251336 1 892888591442034300 2 50.0 0 2026-4-19 2026-4-21
9 42010620021011476x 2 41394333494337012X 2 50.0 0 2026-4-19 2026-4-21
10 350203199607093582 2 41394333494337012X 2 50.0 0 2026-4-19 2026-4-21
11 410105200411282943 2 41394333494337012X 2 50.0 0 2026-4-19 2026-4-21
12 130104199902173415 2 41394333494337012X 2 50.0 0 2026-4-19 2026-4-21
13 44030419940314377x 2 41394333494337012X 2 50.0 0 2026-4-19 2026-4-21
14 310115200008215692 2 41394333494337012X 2 50.0 0 2026-4-19 2026-4-21
15 500112199701122480 3 683088284275019203 2 50.0 0 2026-4-19 2026-4-21
16 440305200209301345 4 632567639253091926 2 50.0 0 2026-4-19 2026-4-21
17 33010519951006329x 4 632567639253091926 2 50.0 0 2026-4-19 2026-4-21
18 120114200103145781 3 683088284275019203 2 50.0 0 2026-4-19 2026-4-21
19 440311199812274561 3 683088284275019203 2 50.0 0 2026-4-19 2026-4-21
20 350212200407113473 4 632567639253091926 2 50.0 0 2026-4-19 2026-4-21
21 410204200011063583 4 632567639253091926 2 50.0 0 2026-4-19 2026-4-21
22 11010820050619012x 3 683088284275019203 2 50.0 0 2026-4-19 2026-4-21
23 320113200110252370 3 683088284275019203 2 50.0 0 2026-4-19 2026-4-21
24 440306200303158943 3 683088284275019203 2 50.0 0 2026-4-19 2026-4-21
25 510108200212062453 4 632567639253091926 2 50.0 0 2026-4-19 2026-4-21
26 310109200407193567 4 632567639253091926 2 50.0 0 2026-4-19 2026-4-21
27 12011020050914467x 5 366201197082157275 2 50.0 0 2026-4-19 2026-4-21
28 350206200602287891 5 366201197082157275 2 50.0 0 2026-4-19 2026-4-21
29 130108200708015133 5 366201197082157275 2 50.0 0 2026-4-19 2026-4-21
30 440312200809303228 5 366201197082157275 2 50.0 0 2026-4-19 2026-4-21
31 210112200910112342 5 366201197082157275 2 50.0 0 2026-4-19 2026-4-21
32 110105199807236541 5 366201197082157275 2 50.0 0 2026-4-19 2026-4-21
33 110101199003076234 1 892888591442034300 0 75.5 2 2026-4-19 2026-4-19
34 110101199003076234 1 892888591442034300 0 50.0 3 2026-4-19 2026-4-19
35 110101199003076234 1 892888591442034300 0 80.0 4 2026-4-19 2026-4-19
36 32010519850712451x 1 892888591442034300 0 75.5 2 2026-4-19 2026-4-19
37 440301200112018367 1 892888591442034300 0 42.2 2 2026-4-19 2026-4-19
38 440301200112018367 1 892888591442034300 0 50.0 3 2026-4-19 2026-4-19
39 440301200112018367 1 892888591442034300 0 50.0 3 2026-4-19 2026-4-19
40 510107199511220948 1 892888591442034300 0 93.6 2 2026-4-19 2026-4-19
41 330106200305167825 1 892888591442034300 0 56.4 2 2026-4-19 2026-4-19
42 330106200305167825 1 892888591442034300 0 50.0 3 2026-4-19 2026-4-19
43 330106200305167825 1 892888591442034300 0 150.0 4 2026-4-19 2026-4-19
44 120112199808251336 1 892888591442034300 0 56.4 2 2026-4-19 2026-4-19
45 120112199808251336 1 892888591442034300 0 60.0 3 2026-4-19 2026-4-19
46 350203199607093582 2 41394333494337012X 0 73.5 2 2026-4-19 2026-4-19
47 350203199607093582 2 41394333494337012X 0 23.7 2 2026-4-19 2026-4-19
48 410105200411282943 2 41394333494337012X 0 150.0 4 2026-4-19 2026-4-19
49 130104199902173415 2 41394333494337012X 0 23.7 2 2026-4-19 2026-4-19
50 130104199902173415 2 41394333494337012X 0 80.8 2 2026-4-19 2026-4-19
51 130104199902173415 2 41394333494337012X 0 150.0 4 2026-4-19 2026-4-19
52 44030419940314377x 2 41394333494337012X 0 57.8 2 2026-4-19 2026-4-19
53 310115200008215692 2 41394333494337012X 0 100.0 3 2026-4-19 2026-4-19
54 500112199701122480 3 683088284275019203 0 88.7 2 2026-4-19 2026-4-19
55 120114200103145781 3 683088284275019203 0 64.9 2 2026-4-19 2026-4-19
56 440311199812274561 3 683088284275019203 0 85.6 2 2026-4-19 2026-4-19
57 11010820050619012x 3 683088284275019203 0 100.0 3 2026-4-19 2026-4-19
58 11010820050619012x 3 683088284275019203 0 150.0 4 2026-4-19 2026-4-19
59 320113200110252370 3 683088284275019203 0 36.3 2 2026-4-19 2026-4-19
60 440306200303158943 3 683088284275019203 0 100.0 3 2026-4-19 2026-4-19
61 440306200303158943 3 683088284275019203 0 150.0 4 2026-4-19 2026-4-19
62 440305200209301345 4 632567639253091926 0 99.7 2 2026-4-19 2026-4-19
63 33010519951006329x 4 632567639253091926 0 46.9 2 2026-4-19 2026-4-19
64 350212200407113473 4 632567639253091926 0 20.4 2 2026-4-19 2026-4-19
65 410204200011063583 4 632567639253091926 0 50.0 3 2026-4-19 2026-4-19
66 510108200212062453 4 632567639253091926 0 150.0 4 2026-4-19 2026-4-19
67 310109200407193567 4 632567639253091926 0 50.0 3 2026-4-19 2026-4-19
68 12011020050914467x 5 366201197082157275 0 80.8 2 2026-4-19 2026-4-19
69 350206200602287891 5 366201197082157275 0 100.0 3 2026-4-19 2026-4-19
70 130108200708015133 5 366201197082157275 0 150.0 4 2026-4-19 2026-4-19
71 440312200809303228 5 366201197082157275 0 161.6 2 2026-4-19 2026-4-19
72 210112200910112342 5 366201197082157275 0 70.1 2 2026-4-19 2026-4-19
73 110105199807236541 5 366201197082157275 0 80.0 4 2026-4-19 2026-4-19
74 230523200601012895 1 892888591442034300 2 50.0 0 2026-4-19 2026-4-21
75 123456789987654321 1 892888591442034300 0 50.0 3 2026-4-20 2026-4-20
76 123456789987654321 1 892888591442034300 0 50.0 3 2026-4-20 2026-4-20
77 123456789987654321 1 892888591442034300 0 50.0 3 2026-4-20 2026-4-20
78 123456789987654321 1 892888591442034300 0 80.0 4 2026-4-20 2026-4-20
79 123456789987654321 1 892888591442034300 0 75.5 2 2026-4-20 2026-4-20
80 123456789987654321 1 892888591442034300 0 50.0 3 2026-4-20 2026-4-20
81 123456789987654321 1 892888591442034300 0 75.5 2 2026-4-20 2026-4-20
82 123456789987654321 2 304344796506286306 1 20.0 1 2026-4-20 2026-4-20
83 888999888999888998 1 892888591442034300 0 80.0 4 2026-4-20 2026-4-20
84 888999888999888998 1 892888591442034300 0 42.2 2 2026-4-20 2026-4-20
85 888999888999888998 1 892888591442034300 0 145.8 2 2026-4-20 2026-4-20
86 888999888999888998 1 892888591442034300 0 50.0 3 2026-4-20 2026-4-20
87 123456789987654321 1 892888591442034300 0 80.0 4 2026-4-20 2026-4-20
88 123456789987654321 1 892888591442034300 0 80.0 4 2026-4-20 2026-4-20
89 123456789987654321 1 892888591442034300 0 80.0 4 2026-4-20 2026-4-20
90 123456789987654321 2 304344796506286306 1 20.0 1 2026-4-20 2026-4-20
91 123456789987654321 2 304344796506286306 0 80.0 4 2026-4-20 2026-4-20
92 123456789987654321 1 892888591442034300 0 75.5 2 2026-4-20 2026-4-20
93 123456789987654321 1 892888591442034300 0 75.5 2 2026-4-20 2026-4-20
94 123456789987654321 1 892888591442034300 0 75.5 2 2026-4-20 2026-4-20
95 123456789987654321 1 892888591442034300 0 75.5 2 2026-4-21 2026-4-21
96 123456789987654321 1 892888591442034300 0 50.0 3 2026-4-21 2026-4-21
97 123456789987654321 1 892888591442034300 0 80.0 4 2026-4-21 2026-4-21
98 123456789987654321 1 914921124947056286 3 50.0 0 2026-4-21 2026-4-22
99 110101199003076234 1 892888591442034300 0 42.2 2 2026-4-21 2026-4-21
100 110101199003076234 1 892888591442034300 0 50.0 3 2026-4-21 2026-4-21
101 110101199003076234 1 892888591442034300 0 75.5 2 2026-4-21 2026-4-21
102 110101199003076234 1 892888591442034300 0 80.0 4 2026-4-21 2026-4-21
