1 1 1  0-0-0
2 1 1  0-0-0
3 1 1  0-0-0
4 1 1  0-0-0
5 1 1  0-0-0
6 1 1  0-0-0
7 1 1  0-0-0
8 1 1  0-0-0
9 1 1  0-0-0
10 1 1  0-0-0
11 2 1  0-0-0
12 2 1  0-0-0
13 2 1  0-0-0
14 2 1  0-0-0
15 2 1  0-0-0
16 2 1  0-0-0
17 2 1  0-0-0
18 2 1  0-0-0
19 2 1  0-0-0
20 2 1  0-0-0
21 3 1  0-0-0
22 3 1  0-0-0
23 3 1  0-0-0
24 3 1  0-0-0
25 3 1  0-0-0
26 3 1  0-0-0
27 3 1  0-0-0
28 3 1  0-0-0
29 3 1  0-0-0
30 3 1  0-0-0
31 4 1  0-0-0
32 4 1  0-0-0
33 4 1  0-0-0
34 4 1  0-0-0
35 4 1  0-0-0
36 4 1  0-0-0
37 4 1  0-0-0
38 4 1  0-0-0
39 4 1  0-0-0
40 4 1  0-0-0
41 5 1  0-0-0
42 5 1  0-0-0
43 5 1  0-0-0
44 5 1  0-0-0
45 5 1  0-0-0
46 5 1  0-0-0
47 5 1  0-0-0
48 5 1  0-0-0
49 5 1  0-0-0
50 5 1  0-0-0
